Multiple size <= 100
TEST 1 ARG:54 91 82 24 88 35 0 74 3 83 97 10 25 20 70 17 67 11 36 40 21 2 78 51 16 38 30 63 27 50 8 48 73 52 4 85 49 29 5 12 84 99 45 32 39 69 79 59 15 87 75 95 76 26 80 65 46 60 66 64 86 58 62 98 77 42 9 92 31 61 68 1 18 7 22 96 44 56 47 19 71 94 13 57 43 55 72 23 34 6 41 14 90 93 53 89 81 28 33 37
TEST 2 ARG:30 80 78 36 14 55 22 41 4 46 71 1 86 35 96 52 90 7 5 37 89 84 61 82 63 77 94 3 31 15 49 28 24 39 69 44 18 58 27 85 98 29 74 83 11 43 0 21 73 88 40 76 56 99 70 42 23 9 53 62 72 92 97 48 67 34 25 95 2 10 19 12 91 45 38 32 50 26 51 79 64 57 20 81 68 93 13 65 59 47 17 6 66 87 33 8 60 75 54 16
TEST 3 ARG:8 7 59 79 30 96 74 27 92 95 29 1 75 57 11 63 5 45 14 10 0 3 2 65 24 68 26 99 53 20 42 76 54 39 88 66 56 52 89 21 98 36 47 41 97 78 81 32 91 94 37 90 73 77 23 50 33 40 70 61 84 6 85 58 16 86 46 44 49 19 71 4 43 64 51 18 62 69 93 38 72 17 60 35 83 15 12 22 80 34 25 87 28 55 82 31 67 9 48 13
TEST 4 ARG:98 20 93 18 4 47 48 37 49 57 45 99 79 2 16 53 34 95 3 97 26 30 22 63 44 25 36 50 94 86 82 96 27 61 87 42 41 21 69 14 71 76 88 68 51 1 11 31 39 66 55 23 24 9 7 90 77 40 65 60 38 92 12 0 83 13 46 72 73 81 78 80 28 43 91 58 70 89 33 35 15 10 17 19 56 54 5 85 8 74 52 62 32 59 67 29 6 64 75 84
TEST 5 ARG:40 82 2 98 25 58 78 44 27 9 39 55 57 83 88 6 64 19 77 60 31 5 23 51 45 99 7 14 62 20 10 4 17 34 43 59 73 13 41 76 38 42 95 8 74 91 97 84 49 96 50 3 16 80 67 86 85 87 90 36 92 29 94 71 11 93 47 24 52 70 32 15 0 26 48 30 81 18 54 33 72 21 56 35 22 12 65 46 53 75 37 66 68 79 61 28 1 63 89 69
TEST 6 ARG:26 31 69 60 20 55 49 65 16 13 34 71 46 77 88 74 68 95 45 42 39 2 9 48 99 47 67 58 97 10 91 19 15 53 17 0 1 52 61 79 64 85 78 25 3 62 4 56 37 14 6 82 90 7 22 70 92 36 96 94 54 89 27 86 87 43 33 84 8 93 21 98 11 63 80 73 23 44 28 50 18 72 59 40 51 76 35 75 81 29 30 41 5 32 57 66 83 38 24 12
TEST 7 ARG:45 52 77 13 15 10 96 72 67 17 29 89 6 71 86 37 11 33 70 66 61 92 58 27 44 53 94 78 69 1 59 35 39 83 5 28 2 68 46 40 60 51 49 38 95 23 4 25 73 82 57 16 91 3 43 41 19 64 9 34 22 31 99 90 93 32 74 24 0 7 75 20 48 8 65 36 98 47 85 55 50 81 54 14 56 97 21 79 18 12 26 80 63 84 30 88 62 76 87 42
TEST 8 ARG:97 77 7 84 12 46 60 83 31 43 22 30 1 69 20 66 62 32 74 17 72 19 70 79 4 2 61 0 48 75 93 27 40 76 58 90 52 86 63 54 41 37 82 53 80 3 21 99 29 88 9 56 35 18 24 42 68 51 10 49 85 6 57 8 33 96 38 25 65 13 71 14 5 34 98 50 44 45 64 95 89 28 15 26 36 11 16 91 94 73 55 78 23 81 39 87 47 67 92 59
TEST 9 ARG:50 14 83 75 44 86 37 71 3 23 81 38 30 9 87 66 57 33 36 67 40 59 54 26 11 56 60 74 58 2 16 92 88 42 21 15 55 98 72 39 46 76 82 17 99 91 94 89 51 62 47 61 80 97 19 1 0 7 4 6 32 90 8 84 22 29 28 45 73 27 31 69 43 34 85 79 41 70 20 5 77 35 24 18 13 25 63 48 93 68 96 49 53 78 10 12 95 65 64 52
TEST 10 ARG:1 91 70 96 37 84 72 99 76 59 66 57 64 28 36 43 56 16 30 67 95 85 50 80 10 46 58 3 32 5 4 42 81 6 83 26 8 2 82 89 49 68 74 62 33 88 11 13 51 86 97 29 44 87 7 93 79 38 24 35 0 98 12 48 61 75 41 23 54 53 73 21 94 60 45 63 78 31 65 19 47 22 92 69 77 17 18 15 40 90 55 25 20 34 9 39 71 27 52 14
TEST 11 ARG:43 75 86 78 79 7 63 88 53 42 37 25 20 23 56 28 48 18 67 46 50 58 82 55 66 29 35 68 87 52 57 30 81 39 71 90 74 61 6 40 0 98 73 94 24 65 84 76 19 5 8 69 97 77 27 16 32 9 80 38 26 13 31 59 22 2 11 70 21 14 34 99 72 12 15 62 33 91 49 4 54 60 85 47 83 41 89 10 92 51 36 17 44 96 95 1 3 45 93 64
TEST 12 ARG:57 90 53 42 71 72 70 39 50 2 4 97 35 37 96 81 23 8 83 69 43 68 30 27 0 24 62 33 82 20 5 65 80 73 66 6 87 16 34 63 54 89 32 36 84 56 10 19 11 51 78 31 79 48 47 59 38 86 60 61 40 85 15 1 45 28 64 91 3 58 95 18 88 22 77 25 26 29 44 93 21 99 52 67 17 41 94 92 55 9 7 12 74 13 49 76 98 14 46 75
TEST 13 ARG:78 80 67 47 40 75 55 60 41 50 83 94 90 3 14 61 93 52 12 37 32 51 53 66 77 71 98 81 8 82 72 73 20 18 68 15 39 79 58 0 96 19 70 36 46 31 7 33 64 5 57 42 2 23 89 76 11 99 88 74 86 49 6 34 59 35 29 54 9 97 24 92 63 44 45 13 84 43 91 65 56 28 10 26 48 38 27 1 21 4 16 17 30 95 22 85 62 87 25 69
TEST 14 ARG:42 54 74 22 90 83 40 71 87 57 88 85 39 24 5 69 21 37 77 14 60 43 23 81 76 35 46 31 99 89 27 50 63 30 28 2 75 92 17 86 20 61 84 97 11 53 56 19 52 32 6 58 41 47 4 15 79 3 82 16 1 98 36 18 25 49 8 67 0 51 38 65 94 29 70 10 9 48 80 73 62 7 45 68 78 66 13 72 33 93 55 96 91 26 59 64 44 95 12 34
TEST 15 ARG:92 51 61 90 83 35 47 41 21 34 5 98 26 14 46 22 45 38 27 7 13 52 78 76 69 54 80 55 32 16 19 63 91 0 99 73 1 59 87 42 72 2 28 29 33 74 97 3 44 96 12 48 65 86 67 71 39 62 88 43 24 95 11 75 8 18 49 56 6 89 15 25 64 70 81 40 84 50 53 31 23 60 20 36 30 79 93 82 4 37 9 68 57 66 85 77 10 58 17 94
TEST 16 ARG:46 12 14 74 1 60 47 54 19 83 9 48 97 30 28 3 50 34 57 16 73 70 61 23 49 65 31 37 55 89 32 90 44 62 99 5 35 2 76 82 36 77 27 59 38 72 24 52 7 75 0 29 26 63 71 86 96 43 17 92 53 56 95 68 15 78 45 33 69 25 6 58 64 87 11 4 51 98 20 91 39 13 80 10 79 40 66 84 85 21 67 93 22 81 8 18 94 42 88 41
TEST 17 ARG:51 2 10 3 38 56 68 57 66 69 52 0 77 74 86 17 46 99 15 64 87 27 32 49 9 24 33 60 78 44 31 7 43 55 82 97 35 53 94 70 29 85 62 18 1 11 37 80 95 65 83 21 5 30 14 88 20 58 4 81 63 26 67 98 41 50 47 75 73 42 28 89 19 79 13 12 91 6 23 45 72 34 40 92 48 54 22 39 59 93 71 61 8 25 76 16 84 90 36 96
TEST 18 ARG:91 78 47 40 51 16 23 63 5 25 98 22 1 92 88 10 83 19 20 2 4 53 41 82 35 73 9 94 58 85 32 89 21 28 14 77 64 6 87 97 17 60 0 18 81 29 61 46 49 36 54 39 48 7 75 80 93 11 56 57 24 99 8 27 55 84 65 31 68 45 67 76 38 71 12 70 86 15 95 72 44 79 59 52 26 69 3 13 50 90 37 30 66 43 42 74 62 34 96 33
TEST 19 ARG:72 9 24 93 65 91 60 78 6 79 97 20 39 22 98 12 77 44 59 35 19 15 23 26 52 49 1 89 38 37 33 13 28 10 70 2 47 8 11 63 4 42 94 48 81 36 53 68 64 40 99 5 31 87 51 85 84 66 41 25 54 0 3 7 46 14 21 16 57 96 71 67 55 27 18 43 61 76 58 50 80 75 92 29 95 45 30 83 62 34 56 69 88 74 90 86 32 82 73 17
TEST 20 ARG:39 63 21 67 96 95 58 20 27 38 62 54 61 43 35 42 47 81 8 73 28 32 29 24 66 44 34 75 11 60 89 94 31 36 99 65 7 79 19 40 33 13 12 74 68 98 0 91 86 59 84 15 78 72 71 64 16 50 10 53 22 76 45 3 77 82 25 26 46 30 14 69 92 41 23 70 90 83 93 4 5 9 1 88 49 17 48 87 2 57 80 6 52 55 97 37 18 56 85 51
TEST 21 ARG:59 41 74 16 15 95 49 85 81 50 87 67 12 6 1 33 26 10 73 45 47 35 48 63 90 7 17 77 92 56 84 30 9 28 61 31 46 14 70 93 19 43 27 83 57 32 13 94 72 3 8 91 62 86 58 53 76 78 54 34 22 68 23 2 5 38 79 99 21 4 88 42 82 39 36 11 52 40 60 64 37 18 25 66 51 71 0 29 69 80 98 20 97 65 55 96 24 44 89 75
TEST 22 ARG:83 59 42 63 86 93 90 61 55 52 80 66 87 36 31 95 78 65 50 24 30 2 77 89 22 37 35 34 57 44 68 9 7 14 60 85 29 33 26 39 38 43 96 94 11 58 56 67 64 53 88 4 99 27 23 18 72 79 1 97 12 69 91 54 5 84 25 13 46 3 73 41 81 0 74 16 75 6 76 8 40 82 21 48 49 10 51 47 28 98 32 17 20 19 45 70 71 15 92 62
TEST 23 ARG:12 49 84 68 48 98 59 61 16 87 81 90 24 28 86 53 99 34 65 3 77 4 26 70 25 72 8 15 18 42 71 36 60 62 92 44 64 0 67 43 96 6 33 50 37 5 55 9 19 82 69 32 91 38 58 85 94 30 2 54 17 14 41 40 23 21 80 56 78 93 35 89 31 95 7 74 22 63 57 27 73 45 13 11 75 39 1 47 66 83 46 79 20 76 88 29 52 10 51 97
TEST 24 ARG:46 90 57 72 83 38 17 82 88 93 14 5 25 19 64 1 23 4 79 28 50 37 62 95 27 35 63 98 51 78 76 86 41 47 52 56 94 96 31 8 58 97 68 33 0 69 6 13 55 84 7 18 59 53 42 74 70 48 34 89 71 87 29 11 73 40 26 39 81 45 49 22 92 32 60 66 43 77 2 16 12 67 91 85 24 65 9 15 80 21 30 61 44 20 75 10 54 36 3 99
TEST 25 ARG:14 23 17 44 42 89 54 49 31 61 4 26 87 12 35 2 75 90 22 43 68 13 16 79 51 98 82 52 53 88 24 21 34 92 39 41 69 65 9 10 50 59 36 73 18 20 47 56 5 64 91 37 85 0 46 33 76 97 70 58 45 40 93 66 81 29 1 27 94 15 95 6 77 25 86 80 7 11 32 38 74 60 19 55 8 67 84 99 71 72 96 83 78 48 57 63 30 3 62 28
TEST 26 ARG:28 57 75 70 72 46 64 42 81 66 88 85 3 65 35 30 97 48 99 38 45 61 17 37 33 11 50 55 32 34 74 2 0 69 16 94 5 60 49 40 29 47 8 98 25 44 95 12 23 89 6 20 58 10 79 18 22 53 96 36 84 83 67 63 86 1 26 62 41 14 51 71 78 39 43 59 21 77 31 13 73 91 15 27 90 56 76 82 19 24 92 93 54 52 4 9 87 7 68 80
TEST 27 ARG:25 9 48 0 58 1 49 11 77 96 27 15 52 40 83 88 82 29 59 8 31 12 89 18 75 81 93 30 78 20 35 91 68 28 63 4 54 2 17 79 5 51 94 67 99 34 98 24 32 64 86 14 26 69 57 55 66 90 65 46 45 70 19 97 33 60 16 21 74 56 7 22 95 23 42 13 50 62 80 6 61 39 37 38 85 36 41 44 73 87 92 84 3 10 71 72 47 43 53 76
TEST 28 ARG:49 56 0 53 33 78 50 61 88 27 39 30 66 3 38 36 67 22 74 45 4 76 46 55 24 1 52 41 77 92 9 47 31 65 2 62 68 35 29 89 15 80 72 94 28 81 64 60 34 17 58 73 93 10 37 71 18 40 6 23 70 7 69 57 16 42 20 84 26 14 85 59 95 99 19 44 21 13 91 83 79 54 8 12 32 86 87 51 98 63 25 90 43 48 82 97 5 75 11 96
TEST 29 ARG:46 24 39 28 91 31 1 8 13 78 22 19 41 65 89 29 49 63 21 50 35 62 82 84 90 85 12 53 17 52 88 69 99 43 57 87 5 58 75 0 23 4 68 71 27 25 16 26 93 59 96 56 54 30 36 97 48 9 83 38 73 6 55 47 64 42 51 3 45 80 32 10 7 81 40 37 94 95 44 66 79 74 77 76 67 15 33 72 86 98 92 11 70 60 18 61 14 20 2 34
TEST 30 ARG:28 8 1 74 85 98 47 56 76 54 93 66 45 70 27 68 77 42 72 15 64 92 60 53 86 61 21 65 83 41 43 9 79 57 0 19 5 22 2 20 11 63 50 58 80 91 3 10 94 32 14 75 67 95 51 46 36 96 55 18 49 78 81 73 35 7 16 4 12 99 69 90 87 34 13 44 82 6 62 17 71 84 24 29 39 40 38 97 31 37 89 23 52 33 25 59 88 48 30 26
TEST 31 ARG:79 66 84 26 18 30 89 93 74 53 36 1 71 61 8 43 3 31 23 2 56 46 72 11 0 12 39 63 96 25 87 51 68 20 94 62 14 69 34 15 59 97 73 70 77 64 27 81 4 67 50 99 28 48 65 40 16 91 76 55 57 6 22 60 17 21 52 32 24 7 92 10 98 37 41 42 58 45 83 90 75 49 33 78 82 5 47 80 35 54 19 9 44 85 29 95 38 86 13 88
TEST 32 ARG:3 40 86 54 90 96 97 72 81 83 21 25 27 94 95 76 0 6 5 87 20 23 15 31 71 92 8 65 17 85 1 99 10 67 78 75 30 46 38 2 68 58 35 41 59 55 74 48 39 44 9 70 18 93 16 63 49 50 98 26 32 69 52 4 56 89 79 13 29 37 51 73 88 57 91 19 45 53 34 28 61 66 62 14 12 80 42 64 43 60 11 82 77 7 33 36 47 84 24 22
TEST 33 ARG:11 37 43 25 4 60 8 94 20 2 36 91 64 90 13 35 57 65 52 42 83 68 30 3 58 95 9 28 15 81 19 55 61 12 53 93 48 51 87 46 18 89 69 50 71 44 84 22 24 0 86 63 74 29 39 59 82 5 6 66 26 78 47 70 79 23 14 45 54 10 98 17 41 88 21 76 62 7 96 72 99 31 97 77 40 33 67 80 92 73 27 75 32 49 38 16 34 56 85 1
TEST 34 ARG:41 97 19 40 84 0 54 60 27 44 96 64 10 73 83 33 90 85 78 11 57 66 71 15 14 38 28 42 69 29 6 48 77 92 94 16 43 3 95 51 98 12 56 76 50 24 63 25 99 72 36 81 70 4 52 7 9 1 91 31 82 18 8 32 30 13 37 62 20 89 39 49 75 68 23 55 86 35 87 26 65 80 74 61 47 88 21 79 53 93 5 34 59 45 2 17 58 46 22 67
TEST 35 ARG:7 59 77 75 81 11 50 95 63 52 19 45 62 99 30 5 27 83 16 40 0 41 29 87 71 35 6 34 44 17 39 72 8 82 66 12 4 78 49 90 37 79 67 32 26 22 38 61 85 47 91 93 14 43 86 70 58 2 46 48 84 68 94 76 21 24 10 92 20 65 53 23 64 9 69 3 33 96 28 18 56 73 31 89 97 54 74 1 88 80 55 15 36 25 42 60 98 13 57 51
TEST 36 ARG:77 40 53 98 96 68 89 58 16 64 50 74 78 25 30 84 24 13 65 12 49 73 5 59 15 19 20 17 61 57 14 45 80 54 69 91 4 26 92 7 79 51 36 21 18 83 39 85 56 88 31 71 37 48 67 29 32 27 81 34 8 82 63 47 22 0 75 35 42 33 87 9 95 6 43 66 3 90 46 72 2 60 86 41 62 23 11 10 76 93 70 52 55 99 44 94 38 1 28 97
TEST 37 ARG:52 87 47 88 92 80 68 59 41 24 25 54 53 12 44 76 1 64 30 58 85 9 81 63 20 36 13 99 71 0 32 84 19 11 18 56 50 10 23 2 3 4 72 55 28 79 90 91 70 15 69 75 65 95 77 35 60 48 6 26 40 49 93 17 62 22 96 37 29 73 78 38 66 27 67 82 97 43 83 42 14 21 46 89 51 7 57 31 8 33 94 5 61 98 45 39 86 74 16 34
TEST 38 ARG:35 6 99 36 27 2 44 67 77 50 9 63 87 73 86 49 29 47 22 75 54 98 12 42 70 78 11 83 48 74 39 26 46 32 13 34 81 94 30 72 15 65 38 3 19 17 21 58 52 59 41 10 51 18 61 57 16 91 90 43 79 64 62 71 40 28 23 60 56 5 82 68 25 1 93 85 20 45 69 33 0 95 84 14 97 24 88 8 92 53 37 31 76 4 7 89 66 55 80 96
TEST 39 ARG:29 38 46 60 87 80 79 14 23 25 20 65 61 22 83 53 98 6 50 47 93 0 13 74 77 84 2 64 59 81 40 62 90 27 39 95 71 45 89 36 96 19 17 33 10 4 5 82 76 73 72 48 7 16 51 3 92 75 70 44 31 34 57 85 15 49 68 28 1 56 8 78 94 24 21 18 32 52 55 35 43 37 11 12 69 58 42 9 97 88 63 99 30 86 26 67 66 54 41 91
TEST 40 ARG:77 46 0 94 83 30 45 64 37 20 48 93 50 61 80 68 36 35 71 88 95 90 17 66 11 53 13 29 69 42 38 15 26 32 75 4 98 65 55 91 78 5 18 67 40 3 73 9 27 10 24 92 25 97 19 79 34 33 22 58 44 96 63 47 74 43 76 56 2 14 41 60 16 70 54 21 6 49 23 87 52 62 7 57 84 59 85 89 12 1 72 99 31 82 28 86 39 8 81 51
TEST 41 ARG:18 83 34 26 71 1 51 66 48 77 97 93 10 54 14 80 90 32 31 68 85 78 11 70 42 4 75 9 21 65 74 19 81 16 96 41 94 67 2 39 58 89 86 7 15 50 69 61 43 33 87 22 55 59 84 24 53 0 62 37 12 29 49 56 30 3 17 57 88 28 27 76 73 92 46 52 95 72 13 91 60 44 63 45 36 8 5 35 40 82 6 79 98 38 47 23 25 64 99 20
TEST 42 ARG:70 47 56 84 96 59 25 23 51 42 19 5 60 24 2 15 85 3 88 78 20 44 50 72 35 52 33 49 31 64 14 10 43 58 39 45 34 29 37 80 65 32 79 99 82 0 75 54 7 6 30 17 94 87 12 8 21 81 27 83 97 28 13 18 86 61 11 89 26 92 71 67 48 57 74 95 66 93 22 91 4 36 38 55 77 68 16 90 63 76 73 46 62 1 98 53 41 40 9 69
TEST 43 ARG:38 64 34 33 67 26 88 25 62 47 8 16 55 66 58 40 87 79 63 17 59 85 18 72 4 49 74 30 98 3 6 24 1 45 10 96 0 82 31 77 2 41 20 57 35 29 78 51 95 56 60 84 48 54 15 61 19 92 23 7 28 97 11 42 69 14 73 22 76 65 71 89 80 86 83 37 9 70 99 13 36 39 53 68 43 5 46 12 90 81 21 75 32 93 27 94 50 91 52 44
TEST 44 ARG:43 99 28 55 20 11 10 52 81 17 74 2 8 3 27 65 23 66 24 70 26 30 49 5 29 94 4 35 33 78 46 95 22 72 57 34 18 25 91 85 42 98 6 87 13 48 19 75 97 88 76 59 63 82 45 64 50 39 83 38 0 15 40 73 62 37 67 56 90 41 7 47 84 58 61 54 1 21 44 36 53 92 89 14 16 60 51 93 32 80 31 12 68 79 9 71 69 77 96 86
TEST 45 ARG:51 92 65 7 78 96 38 60 52 34 42 77 29 25 68 83 1 23 17 85 28 22 16 48 36 74 66 31 21 35 90 72 44 20 11 59 39 57 32 43 41 63 69 89 64 19 86 87 45 61 67 99 54 98 5 70 40 37 97 46 3 2 50 56 14 95 4 84 49 47 93 27 55 18 75 13 76 73 82 94 62 79 33 8 26 71 30 15 24 81 91 12 58 80 6 53 88 0 10 9
TEST 46 ARG:57 40 67 49 53 35 74 26 94 19 12 33 37 8 24 62 17 2 30 79 7 46 5 20 70 31 56 23 28 39 29 16 97 81 38 87 84 32 75 69 59 42 73 68 76 9 22 78 64 45 61 1 0 43 3 6 91 52 50 89 80 13 10 72 44 88 96 60 27 92 99 86 65 66 48 55 98 34 77 82 18 83 41 14 63 36 90 85 4 11 25 51 58 93 95 21 47 15 71 54
TEST 47 ARG:87 66 76 17 82 28 43 16 32 63 72 55 52 46 13 80 2 0 95 47 3 84 58 90 60 9 79 77 61 70 45 19 50 59 75 24 4 91 22 81 30 11 88 8 6 65 96 74 57 92 69 93 44 5 54 85 38 83 89 15 64 36 39 33 27 48 34 1 53 86 49 12 29 62 40 25 37 51 97 14 41 23 35 67 7 68 98 26 99 73 94 18 31 10 21 20 71 56 78 42
TEST 48 ARG:76 94 95 0 14 49 59 8 61 83 1 11 97 65 96 56 79 33 87 36 4 77 47 12 75 7 38 93 63 39 31 60 30 53 91 85 88 9 68 32 90 51 6 13 34 43 62 3 58 10 73 5 99 25 57 89 46 52 74 44 2 18 29 37 70 64 71 55 54 66 82 50 92 17 19 67 48 27 20 15 24 35 86 21 26 98 78 45 69 80 40 16 72 81 28 23 22 84 42 41
TEST 49 ARG:77 34 92 2 57 25 76 73 10 96 36 64 28 11 7 60 4 86 99 13 78 14 84 98 81 83 94 16 58 48 26 24 6 68 49 85 91 3 21 62 93 37 65 43 39 79 52 38 32 66 67 42 15 47 40 97 90 31 33 0 17 19 74 18 82 55 72 23 22 8 54 53 75 12 70 29 95 88 9 87 5 44 35 1 50 46 45 30 61 59 69 71 20 51 89 56 41 80 27 63
TEST 50 ARG:2 52 72 51 9 26 0 82 77 33 90 35 8 14 55 70 75 34 65 54 16 62 83 15 20 19 59 86 44 22 10 37 74 71 21 89 81 18 91 93 68 27 76 3 63 30 96 78 13 31 23 98 48 47 25 39 64 36 88 6 4 42 56 87 79 5 1 43 57 53 95 97 61 58 85 66 11 38 24 49 45 50 40 41 92 99 32 46 29 60 73 69 80 12 67 28 17 7 84 94
TEST 51 ARG:24 61 95 10 54 74 45 5 23 11 7 98 17 43 87 6 2 35 49 19 85 70 64 68 96 52 39 9 38 90 1 47 55 16 13 75 67 94 21 80 34 41 86 56 42 97 60 33 25 36 83 28 91 77 32 78 31 73 88 8 53 63 30 3 12 51 92 27 69 89 20 50 4 99 72 0 59 22 26 29 14 57 44 40 66 82 81 48 46 18 65 58 62 37 79 71 76 84 15 93
TEST 52 ARG:62 47 93 90 15 78 10 88 61 21 8 74 70 95 23 40 82 0 6 22 39 52 45 25 29 59 51 44 64 60 80 33 3 91 75 11 5 31 83 16 81 49 71 4 12 89 37 68 27 26 24 53 99 20 86 50 56 41 97 30 18 36 73 28 13 2 69 46 9 72 67 48 14 66 38 94 54 35 19 79 65 85 98 58 57 7 43 1 42 63 17 87 84 92 77 32 34 76 55 96
TEST 53 ARG:29 46 98 5 99 16 60 9 95 31 15 49 2 91 11 42 0 56 89 93 33 24 81 39 61 36 88 14 45 25 78 6 82 40 3 41 72 32 17 21 37 66 73 94 53 4 28 13 57 86 18 52 12 44 10 76 90 92 58 71 48 54 65 8 30 96 43 38 1 62 75 55 68 77 59 83 70 27 87 84 22 64 69 7 20 35 19 80 47 50 85 79 97 26 63 23 74 34 51 67
TEST 54 ARG:36 70 48 69 19 38 74 94 65 43 32 60 95 7 15 28 10 29 73 96 76 71 85 3 39 99 49 8 35 23 51 37 2 30 54 82 72 81 25 24 11 61 66 56 46 57 33 78 77 22 5 34 16 44 40 58 9 27 97 75 4 42 62 41 92 90 21 87 0 88 17 68 63 64 67 59 86 12 91 45 14 6 53 93 1 55 20 83 13 18 98 26 89 79 52 50 80 31 84 47
TEST 55 ARG:36 26 46 0 59 35 50 22 60 24 78 5 76 19 37 93 18 66 58 98 34 81 75 16 57 13 30 71 96 86 8 80 51 1 48 23 90 40 10 85 11 14 73 49 38 31 54 21 32 4 6 7 89 47 79 94 33 29 70 83 41 87 99 9 52 68 63 20 62 56 12 3 45 91 95 28 42 84 17 61 69 39 77 64 55 53 97 15 25 44 74 88 92 65 27 82 43 2 67 72
TEST 56 ARG:5 97 11 68 65 29 52 26 79 49 10 51 31 3 48 70 73 7 45 64 4 91 13 24 1 56 42 33 20 66 93 46 8 47 18 17 43 0 14 88 21 54 37 16 53 89 75 80 90 96 59 38 39 19 15 57 41 44 83 12 55 86 2 99 30 60 40 36 27 82 9 98 32 92 67 28 62 77 87 6 35 72 94 61 71 81 69 63 84 23 74 25 76 58 22 95 78 85 34 50
TEST 57 ARG:37 77 26 48 88 67 13 35 73 52 68 78 23 8 92 19 70 64 28 74 40 81 12 85 2 24 61 1 6 32 20 14 58 65 10 25 89 45 79 34 60 15 71 38 72 86 11 80 39 90 82 84 96 4 69 42 7 87 9 41 29 43 47 98 17 93 49 46 53 30 36 57 54 91 18 5 51 0 50 16 55 3 75 59 99 66 94 63 95 44 83 56 62 76 31 97 33 27 21 22
TEST 58 ARG:80 47 60 93 37 68 7 46 33 6 71 1 49 10 74 97 28 55 23 75 12 57 51 70 25 30 81 42 67 39 76 83 95 66 26 17 27 53 92 73 35 62 69 8 96 61 98 91 20 72 3 40 24 11 45 38 56 2 34 15 82 5 59 65 9 19 85 32 48 79 77 94 88 0 44 4 84 16 90 43 50 89 14 64 21 87 36 63 54 31 29 41 86 22 18 99 52 78 58 13
TEST 59 ARG:27 78 88 55 53 7 29 28 90 72 17 67 77 52 50 42 99 31 71 94 48 76 37 98 16 8 19 39 74 68 89 60 1 5 96 41 63 12 81 56 24 75 35 36 20 46 70 79 49 0 69 80 51 86 44 97 3 65 59 34 2 13 32 87 9 82 45 95 83 21 61 84 6 92 11 14 47 30 26 54 18 23 4 66 62 73 43 38 40 91 15 93 22 25 33 64 10 85 57 58
TEST 60 ARG:95 2 16 51 94 90 54 86 12 23 4 34 45 89 58 50 74 53 46 67 83 13 20 91 19 69 44 24 43 77 55 82 92 98 75 93 25 47 41 31 99 96 17 0 84 60 49 29 63 52 22 79 14 5 72 21 10 27 15 39 35 48 11 87 40 42 26 33 80 61 18 57 6 65 59 1 37 85 70 88 76 32 71 56 7 66 78 3 28 30 62 64 36 73 8 81 97 38 68 9
TEST 61 ARG:12 28 10 79 39 23 80 24 5 45 78 58 83 88 14 90 30 97 59 89 56 25 47 54 17 49 41 76 15 20 77 42 48 3 57 13 61 92 91 55 64 70 86 1 37 72 7 31 26 65 75 21 0 84 85 62 93 94 11 60 98 71 96 52 35 66 40 87 73 32 16 2 8 51 69 9 6 19 95 68 53 18 4 63 44 81 43 67 34 33 27 36 29 38 50 99 82 46 22 74
TEST 62 ARG:81 29 74 50 53 12 89 63 14 45 60 47 69 1 34 90 86 5 83 9 7 21 10 67 20 52 46 19 80 0 33 95 65 28 92 85 44 93 54 31 15 76 36 66 13 98 32 51 87 82 8 11 73 61 56 71 58 49 2 4 18 37 59 6 17 88 48 3 40 35 22 39 30 24 26 84 75 27 57 99 23 78 77 72 70 94 25 96 97 43 42 16 79 41 62 68 55 64 91 38
TEST 63 ARG:13 34 46 69 61 89 32 29 96 59 57 49 11 82 4 40 77 85 27 16 71 81 73 35 30 87 50 5 24 39 1 28 22 75 95 12 98 2 66 62 33 65 58 90 7 43 84 23 54 92 53 80 10 37 38 76 51 78 64 60 52 47 48 93 41 70 94 3 74 14 88 21 15 26 44 72 99 67 25 17 0 31 8 6 36 79 18 45 83 9 86 42 56 63 55 91 20 68 19 97
TEST 64 ARG:31 8 51 2 38 47 26 94 28 39 77 75 54 63 92 37 56 6 71 4 96 66 99 87 90 41 50 44 21 61 69 15 7 74 9 16 36 46 79 62 95 83 25 42 81 82 29 55 68 76 33 97 22 12 91 93 3 14 58 85 5 57 10 48 43 0 80 34 1 19 88 27 73 24 53 32 64 89 30 78 72 45 98 13 59 86 20 60 67 40 23 49 18 52 11 35 65 84 70 17
TEST 65 ARG:79 24 70 5 47 12 23 4 49 17 32 52 78 28 63 46 45 74 41 60 15 94 84 51 75 40 2 58 31 95 82 90 43 88 14 21 67 50 11 66 19 3 6 48 99 97 26 10 56 98 13 36 35 83 42 93 64 61 96 80 55 9 39 53 8 87 33 0 16 69 86 81 29 92 27 25 57 62 34 71 76 30 1 44 68 91 65 59 20 7 54 72 22 38 73 77 37 18 89 85
TEST 66 ARG:12 44 97 87 83 0 1 96 15 42 81 55 66 74 98 92 29 69 75 2 59 19 84 50 41 3 27 94 86 22 58 76 80 18 37 60 62 34 73 40 53 91 25 21 71 68 20 39 54 56 88 13 45 5 33 31 23 11 35 14 61 78 65 6 89 4 93 49 51 16 26 90 48 70 38 52 7 28 43 77 85 72 64 99 95 46 8 36 63 30 67 9 79 82 24 17 47 32 57 10
TEST 67 ARG:46 93 84 59 14 96 74 83 51 64 99 89 29 75 39 80 58 36 21 41 95 6 22 3 42 26 97 2 63 52 88 23 94 27 73 38 8 78 66 11 40 91 31 56 54 12 86 4 20 19 71 16 77 30 90 79 17 92 5 50 81 70 72 68 7 82 37 57 10 48 1 35 62 60 28 44 32 98 33 24 15 55 87 65 0 69 53 34 43 45 13 49 85 61 18 47 9 67 25 76
TEST 68 ARG:52 73 47 5 46 98 30 83 23 94 26 54 2 39 61 20 16 68 4 34 19 63 77 65 66 22 75 76 74 84 57 29 64 37 0 31 44 51 7 62 67 11 33 99 89 97 25 24 92 36 72 9 3 10 82 58 48 27 40 81 55 70 79 35 80 69 42 6 8 28 21 87 50 60 14 78 88 38 49 96 41 43 91 45 71 13 90 17 85 12 32 95 53 93 1 18 59 56 86 15
TEST 69 ARG:65 80 17 20 88 47 68 94 64 97 22 70 41 1 84 59 89 24 30 53 82 8 0 51 57 96 58 14 73 56 50 36 11 19 81 42 38 69 66 54 28 33 61 9 21 93 25 45 90 83 18 35 39 3 7 4 63 87 29 49 43 79 76 92 77 23 27 16 40 98 12 55 44 15 91 52 13 74 67 95 37 78 75 85 72 5 6 34 46 86 71 26 62 2 99 32 31 48 60 10
TEST 70 ARG:48 79 27 91 72 81 40 28 21 93 57 89 26 92 32 69 97 17 62 61 65 4 60 83 33 16 36 54 9 55 11 14 95 44 51 6 85 34 42 46 39 75 24 58 25 19 50 59 66 94 37 73 41 82 5 90 2 13 99 47 80 15 74 49 86 0 96 31 53 38 10 43 71 76 29 18 3 70 84 64 87 30 56 8 7 12 1 22 45 63 78 98 67 77 88 20 23 52 68 35
TEST 71 ARG:45 10 31 24 23 77 0 64 65 43 51 53 52 29 83 58 41 3 69 30 98 81 4 36 91 67 93 54 73 11 70 86 16 48 8 22 74 75 97 57 78 17 1 49 15 44 88 38 50 33 96 63 90 12 47 27 46 71 84 87 60 9 34 7 94 25 40 32 20 5 28 18 14 95 2 66 79 42 89 56 6 55 62 68 61 21 59 39 76 80 37 72 85 99 13 35 92 26 19 82
TEST 72 ARG:20 74 90 51 97 91 13 84 70 25 43 4 92 19 96 71 69 41 37 10 15 28 75 87 14 35 31 9 29 55 72 81 79 46 48 6 60 64 26 85 88 61 45 21 12 16 3 42 17 0 36 95 63 11 76 67 44 40 22 39 23 33 47 89 78 34 7 99 82 65 53 59 62 5 27 18 38 68 57 94 52 8 56 49 24 50 2 58 30 77 32 93 83 80 66 1 86 54 98 73
TEST 73 ARG:38 24 73 69 26 16 71 22 33 9 23 93 25 64 89 11 46 6 42 29 96 81 57 56 10 61 91 52 67 34 87 30 32 63 76 5 48 27 82 45 83 1 17 15 86 31 12 3 85 13 14 84 20 7 36 43 70 49 88 4 99 53 35 74 68 19 28 40 37 75 77 72 0 65 55 39 8 78 60 51 97 44 2 90 62 41 47 95 92 54 21 94 58 59 98 79 66 80 50 18
TEST 74 ARG:21 4 34 3 77 57 7 73 96 30 20 23 86 65 49 83 88 26 56 82 32 99 38 2 39 37 54 6 68 61 33 97 62 48 28 13 19 60 66 22 24 72 93 14 95 25 52 50 27 0 90 43 31 80 36 40 63 58 11 5 17 94 12 47 53 74 42 46 10 98 16 67 79 76 85 91 15 64 8 92 89 81 71 51 29 18 41 70 78 69 59 35 75 9 1 87 55 44 84 45
TEST 75 ARG:59 36 24 99 83 75 94 68 9 34 58 41 57 10 87 25 85 16 64 14 62 48 26 33 88 72 22 63 37 80 31 1 17 42 65 74 81 61 21 53 82 90 97 49 38 98 40 5 28 11 29 77 12 76 15 95 7 55 91 86 45 46 18 23 92 0 20 13 60 89 4 35 30 69 27 56 44 3 73 71 2 43 19 96 32 67 54 70 52 66 78 39 84 79 8 93 47 50 6 51
TEST 76 ARG:32 4 37 90 57 97 98 18 43 1 59 22 46 17 25 78 61 0 75 91 27 11 34 30 2 92 60 39 38 88 76 68 8 62 83 15 31 85 54 23 67 99 63 24 45 70 84 40 72 49 74 51 7 89 64 81 33 35 3 71 28 9 82 26 87 47 95 65 41 29 52 96 12 80 66 42 58 5 79 10 13 77 53 16 94 86 56 20 21 69 48 19 93 73 6 55 14 36 44 50
TEST 77 ARG:30 88 68 32 50 70 45 93 49 17 36 94 2 6 98 42 40 22 16 86 67 18 37 95 35 57 78 23 39 60 74 3 72 90 11 96 47 65 27 56 26 14 84 0 80 25 62 12 33 75 79 5 46 71 91 66 83 21 52 63 41 82 1 48 13 9 20 77 73 29 54 87 59 61 53 4 7 38 85 99 51 24 19 76 34 69 55 28 10 97 89 43 8 64 58 44 15 81 31 92
TEST 78 ARG:36 47 32 68 91 51 74 24 9 75 40 50 8 95 56 90 57 60 61 11 12 88 52 7 25 59 76 89 3 29 20 45 80 72 49 18 73 43 22 19 4 14 55 42 44 54 34 63 81 98 21 82 48 17 86 31 6 58 93 1 99 2 66 27 62 67 96 87 77 5 10 23 92 28 64 0 65 46 70 30 41 97 39 53 26 69 13 84 35 33 85 37 83 94 78 15 16 79 38 71
TEST 79 ARG:72 49 78 76 95 45 61 54 25 65 69 44 3 83 22 64 33 89 12 11 13 91 37 93 36 48 17 50 27 23 77 86 57 28 71 92 90 53 62 81 58 63 73 34 43 29 60 31 40 16 6 15 79 85 52 35 9 87 30 24 26 70 75 0 80 97 2 47 98 1 18 20 14 74 67 21 84 68 46 4 5 55 39 56 59 82 19 32 66 96 94 41 42 99 38 51 8 7 88 10
TEST 80 ARG:85 56 12 97 82 51 37 91 58 38 41 53 28 11 55 80 54 68 27 6 45 64 60 86 0 98 17 2 88 35 59 43 9 33 63 7 66 34 18 39 44 21 16 74 3 24 50 46 77 87 19 20 72 62 73 95 48 42 67 4 40 84 32 89 30 69 13 47 81 10 14 92 23 57 93 29 65 78 70 79 75 71 5 36 96 61 99 15 52 83 94 90 76 1 26 49 31 22 8 25
TEST 81 ARG:6 99 52 56 30 48 57 95 2 15 19 60 9 66 34 43 53 94 42 39 61 83 47 8 0 90 23 18 27 82 55 4 76 81 69 79 91 14 22 40 5 63 88 80 70 16 87 73 32 50 13 65 62 89 46 11 59 35 10 12 77 36 21 68 17 38 54 44 97 7 49 1 31 24 25 74 45 85 3 33 92 51 20 96 98 58 84 78 41 28 75 71 86 93 67 37 29 64 72 26
TEST 82 ARG:21 93 58 46 17 60 63 36 78 43 27 65 83 97 62 13 86 15 67 34 57 76 9 6 2 90 5 59 70 61 96 25 22 82 48 38 11 72 39 31 99 42 89 7 3 44 69 79 74 47 24 73 54 26 50 81 41 92 32 10 75 95 4 45 28 71 16 37 40 68 55 56 66 88 0 49 80 20 14 35 29 51 77 94 12 85 52 19 18 1 91 84 33 53 87 8 64 23 98 30
TEST 83 ARG:69 59 22 68 44 46 92 32 29 20 89 80 36 65 74 34 88 10 50 70 0 16 77 38 21 25 3 6 39 17 71 26 35 18 51 37 83 33 24 12 13 8 11 43 28 53 49 85 19 48 14 56 93 7 72 5 58 23 90 79 55 73 67 45 30 9 1 60 98 57 2 87 66 78 62 91 82 61 99 63 42 94 81 4 95 52 54 76 97 47 41 84 64 40 75 31 96 86 27 15
TEST 84 ARG:94 93 18 1 41 24 34 80 76 89 20 65 49 68 66 0 97 82 31 21 54 71 38 47 74 26 60 61 81 98 56 4 44 37 72 77 55 29 30 48 8 59 33 83 73 19 32 9 99 6 25 2 91 15 92 70 67 27 40 46 63 52 14 13 3 12 17 84 64 39 96 85 75 58 23 69 90 28 51 5 11 88 45 95 78 7 35 42 62 36 50 53 87 22 79 10 16 86 57 43
TEST 85 ARG:63 66 8 72 80 6 14 59 76 39 32 92 51 86 95 69 75 64 57 1 0 79 98 94 2 87 33 78 13 91 50 31 74 7 49 71 16 58 52 11 45 99 20 70 84 17 77 96 3 37 4 73 54 42 34 10 41 27 29 23 26 93 12 97 25 61 5 56 81 55 28 48 88 60 40 15 67 24 35 19 9 21 44 36 68 46 89 18 47 22 53 65 30 83 90 82 43 38 62 85
TEST 86 ARG:73 42 99 34 38 49 37 19 47 15 64 30 54 28 65 7 3 14 6 1 92 61 43 13 18 93 48 51 89 58 23 10 75 71 46 55 31 16 59 62 35 95 33 72 82 41 85 63 39 24 32 97 17 50 94 98 20 22 77 21 90 45 69 74 66 0 86 67 25 88 11 79 76 68 83 53 84 80 8 26 60 36 2 78 91 81 70 87 27 44 5 12 29 57 4 40 56 96 52 9
TEST 87 ARG:64 6 84 72 91 65 59 36 94 66 90 99 83 15 55 70 54 52 9 79 63 97 71 51 61 38 50 82 87 0 12 80 98 92 30 74 5 39 69 4 47 43 27 2 73 20 42 62 13 23 25 67 17 8 32 86 60 14 11 28 75 29 68 21 78 19 31 24 1 89 45 46 56 10 22 7 85 57 26 41 44 96 81 33 40 35 18 16 34 95 77 53 58 49 48 37 88 93 3 76
TEST 88 ARG:84 79 39 59 96 8 48 95 46 16 78 21 29 30 53 57 44 90 99 3 89 31 60 20 32 83 0 92 70 4 69 28 5 74 52 54 91 49 75 63 13 24 72 80 50 68 25 85 33 19 17 22 9 40 56 71 27 26 61 12 98 88 11 67 18 93 7 77 23 86 73 35 36 2 81 1 45 38 87 58 43 41 55 64 82 94 76 14 34 37 10 51 66 65 6 62 47 15 97 42
TEST 89 ARG:81 93 15 26 86 41 96 67 99 80 75 45 74 51 94 18 0 38 24 25 2 10 76 48 9 13 27 28 56 92 97 14 58 43 47 90 72 4 11 44 89 49 52 62 23 82 59 29 50 33 85 35 84 95 66 8 36 70 39 87 22 77 16 46 42 78 6 17 98 5 37 32 68 63 69 3 21 64 54 7 88 12 79 71 55 83 1 65 34 30 20 53 19 61 31 40 57 91 60 73
TEST 90 ARG:35 64 76 87 51 75 42 9 19 74 78 89 66 46 27 59 97 63 81 90 0 17 88 48 34 80 93 84 5 55 60 24 30 57 11 61 13 73 70 86 99 67 16 33 40 36 29 56 38 14 71 7 77 44 8 53 85 12 72 41 3 69 22 83 96 92 95 54 26 39 1 62 31 20 47 98 21 68 6 37 52 49 25 65 58 45 23 28 15 4 18 32 82 94 79 2 43 50 91 10
TEST 91 ARG:67 27 40 6 24 17 16 29 73 5 13 55 97 33 98 59 92 37 39 78 99 79 93 35 38 2 62 4 58 80 15 70 71 61 88 31 36 22 65 26 41 21 10 72 7 32 64 14 0 23 60 95 90 34 94 49 69 77 50 19 42 96 28 25 54 46 76 8 51 9 74 68 66 56 86 83 53 52 63 44 89 82 45 3 85 12 91 43 48 81 47 11 30 75 20 84 57 18 1 87
TEST 92 ARG:21 66 45 28 51 93 58 57 92 6 83 14 72 54 30 11 0 19 33 62 76 49 16 94 18 7 22 84 73 32 70 48 29 27 8 52 78 67 88 25 26 20 65 2 95 9 3 89 59 60 56 37 55 50 23 96 39 40 74 12 82 99 71 38 97 10 47 77 63 53 17 31 86 61 44 69 79 42 35 64 98 1 90 24 15 85 46 87 81 91 41 68 80 5 34 4 13 43 75 36
TEST 93 ARG:2 39 45 36 4 88 99 28 49 72 21 60 48 17 58 31 23 44 30 10 40 34 6 65 54 42 71 89 69 47 80 1 15 79 81 14 66 68 56 33 92 83 52 3 70 82 43 50 74 64 11 46 29 0 85 27 95 76 9 77 41 26 18 51 20 55 67 93 90 62 97 63 96 24 78 84 91 25 8 38 53 61 13 75 22 87 86 16 98 12 5 57 73 94 7 59 37 32 19 35
TEST 94 ARG:25 91 69 11 70 52 61 45 37 26 85 68 16 90 30 87 1 41 67 88 64 97 19 77 56 79 72 71 96 53 3 28 15 9 31 29 51 34 99 18 33 60 43 54 86 55 47 84 73 94 14 93 62 0 7 24 2 65 40 76 6 59 50 8 49 95 66 44 48 58 35 5 17 39 32 20 10 63 23 22 89 4 21 78 12 83 36 75 27 80 42 74 57 98 38 81 92 46 82 13
TEST 95 ARG:0 61 5 32 93 98 33 97 40 44 94 43 80 77 29 15 37 14 81 79 24 99 30 19 13 8 25 96 17 57 7 83 27 68 88 4 91 23 21 54 22 75 20 56 26 16 92 52 12 60 38 95 36 41 1 72 78 49 48 55 58 31 67 46 10 70 39 50 35 6 85 74 3 87 28 34 65 62 90 59 84 2 53 18 42 71 73 63 51 89 47 66 69 86 11 45 76 82 9 64
TEST 96 ARG:30 79 59 68 80 52 46 83 77 45 27 39 28 5 91 10 25 18 56 90 88 89 8 73 93 66 97 63 22 58 49 76 78 43 61 6 67 54 51 3 26 92 48 13 86 23 95 53 0 62 2 41 99 33 20 24 71 81 37 74 11 7 42 1 94 35 69 96 57 9 38 82 65 29 47 87 4 98 19 84 17 16 60 70 14 36 21 12 75 40 72 31 50 15 44 85 32 55 34 64
TEST 97 ARG:91 84 29 20 75 24 9 85 6 44 11 89 95 47 77 49 16 35 83 88 22 60 21 82 86 36 33 34 97 32 63 96 79 76 99 18 41 80 30 15 48 73 7 65 23 81 38 45 31 5 40 59 52 42 57 90 69 78 39 2 72 43 26 37 98 13 51 12 46 87 53 14 17 93 70 4 94 0 10 68 92 71 61 58 28 1 74 27 67 54 19 55 8 25 64 66 3 50 56 62
TEST 98 ARG:72 88 69 94 20 34 33 25 15 91 49 85 87 61 22 79 89 71 51 92 75 4 44 96 98 29 50 90 8 67 3 37 77 99 21 18 1 58 54 47 42 28 65 55 46 70 16 97 27 86 81 5 14 59 57 62 52 38 53 24 82 26 56 45 43 9 80 83 73 17 68 11 13 63 95 60 76 66 74 35 19 41 36 31 7 78 23 0 32 2 64 48 40 84 30 10 12 6 39 93
TEST 99 ARG:50 37 55 82 54 57 45 19 33 13 97 74 87 85 68 49 30 21 53 90 20 66 39 5 99 75 98 71 63 93 81 67 32 70 9 89 62 80 58 78 47 23 38 17 64 94 69 95 88 35 22 52 92 61 28 73 15 31 16 84 44 96 59 6 8 79 76 27 29 34 72 1 36 24 42 56 26 25 2 3 14 83 43 11 48 65 4 51 46 10 41 40 18 77 60 7 91 86 0 12
TEST 100 ARG:29 84 36 59 71 20 3 41 15 33 48 90 74 58 96 39 13 73 47 51 6 92 70 60 64 81 99 17 38 23 97 68 79 76 16 44 12 46 5 19 7 61 8 80 10 93 32 11 77 56 89 18 42 87 95 62 34 98 2 52 25 45 14 28 54 31 86 22 88 1 57 69 26 82 53 37 49 72 78 35 0 63 9 50 40 4 21 65 83 55 24 30 85 27 67 91 66 75 43 94
